X1	Source file	DateTime	Date	Time	Duration(s)	Comments	Si29_CPS	Si29_CPS_Int2SE	Li_ppm_m7	Li_ppm_m7_Int2SE	Mg_ppm_m24	Mg_ppm_m24_Int2SE	Al_ppm_m27	Al_ppm_m27_Int2SE	K_ppm_m39	K_ppm_m39_Int2SE	Ca_ppm_m42	Ca_ppm_m42_Int2SE	Ca_ppm_m43	Ca_ppm_m43_Int2SE	Ti_ppm_m49	Ti_ppm_m49_Int2SE	Mn_ppm_m55	Mn_ppm_m55_Int2SE	Fe_ppm_m57	Fe_ppm_m57_Int2SE	Rb_ppm_m85	Rb_ppm_m85_Int2SE	Sr_ppm_m88	Sr_ppm_m88_Int2SE	Zr_ppm_m90	Zr_ppm_m90_Int2SE	Sn_ppm_m118	Sn_ppm_m118_Int2SE	Ba_ppm_m137	Ba_ppm_m137_Int2SE	La_ppm_m139	La_ppm_m139_Int2SE	Ce_ppm_m140	Ce_ppm_m140_Int2SE	Nd_ppm_m146	Nd_ppm_m146_Int2SE	Hf_ppm_m178	Hf_ppm_m178_Int2SE	Pb_ppm_m208	Pb_ppm_m208_Int2SE	ExtraMetaData	Not useable	Ablation time
G_NIST612_GeoREM_1	Nist 612 - 1.d	03/03/2017 (6) 11:43:37.00	03/03/2017 (6)	1899-12-31T11:43:37Z	31.832	Nist 612 - 1.d	5430000	230000	40.08	0.42	68	0.48	10735	44	65.900000000000006	1.8	85030	270	85280	490	44.09	0.83	38.79	0.3	50.3	1.7	31.5	0.18	78.739999999999995	0.4	37.89	0.25	38.6	0.37	39.1	0.52	36.18	0.2	38.26	0.24	35.520000000000003	0.33	36.71	0.28999999999999998	38.549999999999997	0.26	FILENAME: Nist 612 - 1.csv	NA	NA
G_NIST612_GeoREM_2	Nist 612 - 2.d	03/03/2017 (6) 11:46:41.00	03/03/2017 (6)	1899-12-31T11:46:41Z	31.832	Nist 612 - 2.d	5440000	230000	40.18	0.25	68.099999999999994	0.62	10732	34	61.81	0.57999999999999996	84780	320	85380	490	43.61	0.92	38.81	0.3	49.6	1.9	31.31	0.22	78.08	0.39	38	0.28999999999999998	38.49	0.31	39.340000000000003	0.49	35.86	0.2	38.54	0.23	35.54	0.3	36.64	0.26	38.44	0.24	FILENAME: Nist 612 - 2.csv	NA	NA
G_NIST612_GeoREM_3	Nist 612 - 3.d	03/03/2017 (6) 11:48:15.00	03/03/2017 (6)	1899-12-31T11:48:15Z	31.831	Nist 612 - 3.d	5400000	230000	40.35	0.35	68.05	0.52	10780	48	62.39	0.69	85420	330	85090	420	44.33	0.98	38.74	0.33	52.3	1.4	31.42	0.22	78.69	0.42	37.880000000000003	0.24	38.770000000000003	0.37	39.47	0.39	36.01	0.2	38.549999999999997	0.24	35.74	0.3	36.74	0.24	38.86	0.31	FILENAME: Nist 612 - 3.csv	NA	NA
G_NIST612_GeoREM_4	Nist 612 - 4.d	03/03/2017 (6) 12:16:51.00	03/03/2017 (6)	1899-12-31T12:16:51Z	31.833	Nist 612 - 4.d	5380000	230000	40.299999999999997	0.35	68.03	0.46	10737	46	62.57	0.93	84840	410	84610	480	43.96	0.95	38.6	0.36	50.8	1.7	31.43	0.19	78.290000000000006	0.44	37.909999999999997	0.27	38.57	0.32	39.229999999999997	0.44	35.869999999999997	0.22	38.22	0.22	35.44	0.27	36.630000000000003	0.28000000000000003	38.61	0.21	FILENAME: Nist 612 - 4.csv	NA	NA
G_NIST612_GeoREM_5	Nist 612 - 5.d	03/03/2017 (6) 12:18:31.00	03/03/2017 (6)	1899-12-31T12:18:31Z	31.833	Nist 612 - 5.d	5290000	220000	39.9	0.37	67.86	0.54	10730	47	62.5	1.3	84930	370	84880	520	44	1.2	38.36	0.32	50	1.8	31.29	0.24	78.36	0.47	37.880000000000003	0.28000000000000003	38.549999999999997	0.34	39.22	0.44	35.9	0.22	38.33	0.25	35.25	0.27	36.75	0.24	38.299999999999997	0.23	FILENAME: Nist 612 - 5.csv	NA	NA
G_NIST612_GeoREM_6	Nist 612 - 6.d	03/03/2017 (6) 12:20:04.00	03/03/2017 (6)	1899-12-31T12:20:04Z	31.832	Nist 612 - 6.d	5350000	230000	40.340000000000003	0.34	68.17	0.63	10757	47	62.1	1	85220	310	85020	420	44.02	0.9	38.83	0.34	51.9	1.7	31.31	0.23	78.400000000000006	0.42	37.78	0.25	38.659999999999997	0.28999999999999998	39.450000000000003	0.43	36.1	0.22	38.5	0.2	35.64	0.3	36.700000000000003	0.25	38.85	0.28999999999999998	FILENAME: Nist 612 - 6.csv	NA	NA
G_NIST612_GeoREM_7	Nist 612 - 7.d	03/03/2017 (6) 12:50:11.00	03/03/2017 (6)	1899-12-31T12:50:11Z	31.832	Nist 612 - 7.d	5450000	230000	40.15	0.36	68.430000000000007	0.57999999999999996	10735	46	62.18	0.67	85000	330	85000	470	44	1.1000000000000001	38.799999999999997	0.35	50.9	1.8	31.44	0.23	78.06	0.5	38.04	0.27	38.6	0.28999999999999998	38.979999999999997	0.43	36.01	0.23	38.28	0.24	35.21	0.36	36.69	0.28999999999999998	38.85	0.31	FILENAME: Nist 612 - 7.csv	NA	NA
G_NIST612_GeoREM_8	Nist 612 - 8.d	03/03/2017 (6) 12:51:49.00	03/03/2017 (6)	1899-12-31T12:51:49Z	31.832	Nist 612 - 8.d	5440000	240000	40.229999999999997	0.32	68.069999999999993	0.46	10782	44	62.47	0.57999999999999996	84990	290	84600	460	43.9	1.1000000000000001	38.46	0.27	51.5	1.7	31.43	0.22	78.42	0.42	37.81	0.26	38.520000000000003	0.34	39.700000000000003	0.44	35.869999999999997	0.23	38.29	0.22	35.729999999999997	0.25	36.74	0.25	38.54	0.35	FILENAME: Nist 612 - 8.csv	NA	NA
G_NIST612_GeoREM_9	Nist 612 - 9.d	03/03/2017 (6) 12:53:28.00	03/03/2017 (6)	1899-12-31T12:53:28Z	31.832	Nist 612 - 9.d	5460000	230000	40.21	0.37	67.510000000000005	0.43	10737	43	62.15	0.73	85140	370	85290	480	44.05	0.96	38.74	0.3	50.2	2	31.37	0.2	78.47	0.45	38.049999999999997	0.27	38.68	0.36	39.17	0.46	36.340000000000003	0.21	38.72	0.24	35.520000000000003	0.36	36.65	0.3	38.479999999999997	0.28999999999999998	FILENAME: Nist 612 - 9.csv	NA	NA
G_NIST612_GeoREM_10	Nist 612 - 10.d	03/03/2017 (6) 13:25:12.00	03/03/2017 (6)	1899-12-31T13:25:12Z	31.832	Nist 612 - 10.d	5740000	250000	40.159999999999997	0.38	67.59	0.59	10745	51	62.23	0.77	85130	390	85090	470	44	1.1000000000000001	39.07	0.37	51.7	1.7	31.57	0.25	78.2	0.49	37.72	0.27	38.65	0.42	38.979999999999997	0.54	35.96	0.23	38.35	0.25	35.090000000000003	0.34	36.71	0.27	38.44	0.34	FILENAME: Nist 612 - 10.csv	NA	NA
G_NIST612_GeoREM_11	Nist 612 - 11.d	03/03/2017 (6) 13:26:47.00	03/03/2017 (6)	1899-12-31T13:26:47Z	31.833	Nist 612 - 11.d	5700000	240000	40.229999999999997	0.35	68.3	0.45	10740	42	62.08	0.86	85170	360	85090	430	44.13	0.97	38.909999999999997	0.39	50.4	1.8	31.31	0.2	78.17	0.43	37.9	0.3	38.89	0.32	39.520000000000003	0.42	35.9	0.17	38.31	0.19	35.270000000000003	0.32	36.69	0.25	38.72	0.27	FILENAME: Nist 612 - 11.csv	NA	NA
G_NIST612_GeoREM_12	Nist 612 - 12.d	03/03/2017 (6) 13:28:20.00	03/03/2017 (6)	1899-12-31T13:28:20Z	31.832	Nist 612 - 12.d	5730000	250000	40.21	0.31	67.86	0.53	10727	42	62.47	0.68	84950	320	85080	360	43.9	1.1000000000000001	38.53	0.34	51	1.8	31.32	0.2	78.27	0.42	37.909999999999997	0.28999999999999998	38.18	0.35	38.950000000000003	0.46	35.85	0.18	38.26	0.23	35.369999999999997	0.28999999999999998	36.700000000000003	0.3	38.409999999999997	0.24	FILENAME: Nist 612 - 12.csv	NA	NA
G_NIST612_GeoREM_13	Nist 612 - 13.d	03/03/2017 (6) 13:55:20.00	03/03/2017 (6)	1899-12-31T13:55:20Z	31.832	Nist 612 - 13.d	5780000	250000	40.18	0.35	68.290000000000006	0.49	10705	45	62.53	0.56999999999999995	84980	280	84650	460	44	1.1000000000000001	39.14	0.4	51.2	1.9	31.47	0.2	78.39	0.43	37.97	0.27	38.76	0.33	39	0.48	35.99	0.23	38.32	0.2	35.36	0.28000000000000003	36.71	0.23	38.659999999999997	0.28000000000000003	FILENAME: Nist 612 - 13.csv	NA	NA
G_NIST612_GeoREM_14	Nist 612 - 14.d	03/03/2017 (6) 13:57:03.00	03/03/2017 (6)	1899-12-31T13:57:03Z	31.833	Nist 612 - 14.d	5640000	240000	40.159999999999997	0.36	67.67	0.64	10754	46	62.34	0.47	84950	300	85040	450	43.9	1	38.35	0.37	51.8	2	31.42	0.21	78.3	0.42	37.76	0.21	38.69	0.33	39.21	0.38	36.020000000000003	0.22	38.46	0.28000000000000003	35.549999999999997	0.34	36.64	0.27	38.5	0.26	FILENAME: Nist 612 - 14.csv	NA	NA
G_NIST612_GeoREM_15	Nist 612 - 15.d	03/03/2017 (6) 13:58:32.00	03/03/2017 (6)	1899-12-31T13:58:32Z	31.833	Nist 612 - 15.d	5710000	240000	no value	NAN	no value	NAN	no value	NAN	no value	NAN	no value	NAN	no value	NAN	no value	NAN	no value	NAN	no value	NAN	no value	NAN	no value	NAN	no value	NAN	no value	NAN	no value	NAN	no value	NAN	no value	NAN	no value	NAN	no value	NAN	no value	NAN	FILENAME: Nist 612 - 15.csv	NA	NA
Output_1_1	1700318 760-27c - 1.d	03/03/2017 (6) 11:49:54.00	03/03/2017 (6)	1899-12-31T11:49:54Z	31.833	1700318 760-27 - 1.d	5340000	240000	8.9700000000000006	0.15	26780	110	9061	38	5795	20	56720	290	56570	390	197.5	2	68.349999999999994	0.39	6611	25	23.05	0.18	126.46	0.69	80.650000000000006	0.5	18.21	0.22	219	1.4	2.5539999999999998	3.3000000000000002E-2	126.22	0.6	1.869	0.06	2.0550000000000002	4.8000000000000001E-2	5.27	0.31	FILENAME: 1700318 760-27 - 1.csv	NA	NA
Output_1_2	1700318 760-27c - 2.d	03/03/2017 (6) 11:51:27.00	03/03/2017 (6)	1899-12-31T11:51:27Z	31.832	1700318 760-27 - 2.d	5380000	250000	8.83	0.13	26980	110	9081	37	5782	23	56860	230	56680	360	193.6	2	68.680000000000007	0.5	6615	29	22.92	0.15	127.18	0.56999999999999995	81.09	0.43	18.18	0.24	219.1	1.2	2.57	3.1E-2	122.19	0.5	1.956	6.8000000000000005E-2	2.085	5.2999999999999999E-2	3.8580000000000001	6.0999999999999999E-2	FILENAME: 1700318 760-27 - 2.csv	NA	NA
Output_1_3	1700318 760-27c - 3.d	03/03/2017 (6) 11:53:01.00	03/03/2017 (6)	1899-12-31T11:53:01Z	31.833	1700318 760-27 - 3.d	4890000	160000	8.99	0.18	27440	120	9085	48	5792	26	57310	280	57400	370	193.8	2.5	68.760000000000005	0.49	6659	41	22.86	0.19	128.57	0.72	80.89	0.56000000000000005	17.91	0.27	222.2	1.4	2.613	3.2000000000000001E-2	132.66	0.76	1.8919999999999999	7.0999999999999994E-2	2.0419999999999998	5.5E-2	3.9039999999999999	6.4000000000000001E-2	FILENAME: 1700318 760-27 - 3.csv	NA	NA
Output_1_4	1700318 760-16-1r - 1.d	03/03/2017 (6) 11:54:35.00	03/03/2017 (6)	1899-12-31T11:54:35Z	31.832	1700318 760-16-1 - 1.d	5180000	260000	8.94	0.14000000000000001	27370	110	9177	37	5810	27	57340	220	57400	370	191.3	2.2999999999999998	69.150000000000006	0.52	6665	29	22.94	0.18	127.96	0.63	81.41	0.42	17.989999999999998	0.28000000000000003	221	1.5	2.64	3.7999999999999999E-2	123.02	0.5	1.8819999999999999	6.3E-2	2.0259999999999998	5.2999999999999999E-2	3.9009999999999998	7.1999999999999995E-2	FILENAME: 1700318 760-16-1 - 1.csv	NA	NA
Output_1_5	1700318 760-16-1r - 2.d	03/03/2017 (6) 11:56:16.03	03/03/2017 (6)	1899-12-31T11:56:17Z	23.212	1700318 760-16-1 - 2.d	5940000	250000	9.17	0.17	27330	130	9153	42	5945	19	57500	330	57450	410	197.1	2.4	69.62	0.43	6693	35	23.58	0.21	128.26	0.7	82.84	0.56000000000000005	18.09	0.26	223.8	1.7	2.7040000000000002	4.2999999999999997E-2	158.4	1.1000000000000001	1.962	5.8000000000000003E-2	2.1259999999999999	5.0999999999999997E-2	3.96	6.6000000000000003E-2	FILENAME: 1700318 760-16-1 - 2.csv	NA	NA
Output_1_6	1700318 760-16-2r - 1.d	03/03/2017 (6) 11:57:44.96	03/03/2017 (6)	1899-12-31T11:57:45Z	26.655	1700318 760-16-2 - 1.d	5780000	240000	8.99	0.14000000000000001	27250	110	9127	37	5861	25	57130	290	57030	330	190.2	2	69.7	0.52	6655	32	23.3	0.21	127.98	0.59	82.18	0.42	18.309999999999999	0.21	220.9	1.3	2.605	0.04	127.09	0.77	2.06	8.4000000000000005E-2	2.085	6.3E-2	4.0460000000000003	6.9000000000000006E-2	FILENAME: 1700318 760-16-2 - 1.csv	NA	NA
Output_1_7	1700318 760-16-2r - 2.d	03/03/2017 (6) 11:59:19.00	03/03/2017 (6)	1899-12-31T11:59:19Z	31.832	1700318 760-16-2 - 2.d	5260000	220000	8.82	0.14000000000000001	27270	130	9171	36	5794	18	57310	240	57270	320	196.7	2.2999999999999998	69.3	0.46	6642	29	23.18	0.18	128.91999999999999	0.64	83.11	0.46	18.350000000000001	0.23	222.8	1.2	2.7370000000000001	3.6999999999999998E-2	158.5	0.64	1.978	7.5999999999999998E-2	2.17	4.8000000000000001E-2	4.1379999999999999	7.0000000000000007E-2	FILENAME: 1700318 760-16-2 - 2.csv	NA	NA
Output_1_8	Nist 610r - 1.d	03/03/2017 (6) 12:00:52.00	03/03/2017 (6)	1899-12-31T12:00:52Z	31.833	Nist 610 - 1.d	5330000	230000	455.3	2.8	524.4	3.2	10380	46	482.1	3	82020	340	82140	550	455.1	3.2	448.8	2.2999999999999998	436.9	5.4	424.9	1.5	515.29999999999995	2.2999999999999998	442.9	2.1	441.4	2.4	452.8	2.4	439.9	1.9	455.2	2	431.8	2.2000000000000002	435	2	432.2	2.1	FILENAME: Nist 610 - 1.csv	NA	NA
Output_1_9	Nist 610r - 2.d	03/03/2017 (6) 12:02:38.00	03/03/2017 (6)	1899-12-31T12:02:38Z	31.833	Nist 610 - 2.d	5370000	230000	457.7	3	524.29999999999995	3.2	10348	51	478.2	2.6	81750	380	81870	470	463.5	4.2	447.1	2.2000000000000002	435.1	6.5	424	1.4	513.70000000000005	2.6	440.8	2.1	437.4	2.1	450.2	3	438.2	2	453	2.4	430.3	2.4	430.4	2.1	429.7	2.4	FILENAME: Nist 610 - 2.csv	NA	NA
Output_1_10	Nist 610r - 3.d	03/03/2017 (6) 12:04:07.00	03/03/2017 (6)	1899-12-31T12:04:07Z	31.833	Nist 610 - 3.d	5340000	220000	460.1	3.2	524.79999999999995	3.3	10370	52	480.3	2.2000000000000002	82200	340	81930	520	468.6	4.0999999999999996	447.5	3	440.4	5.9	424.6	1.9	516.1	2.7	443	2.2000000000000002	440.7	1.9	452.7	2.5	439.3	2.2999999999999998	457.1	2.7	430.2	2.6	433.2	2	428.7	2.1	FILENAME: Nist 610 - 3.csv	NA	NA
Output_1_11	1700318 760-27c - 4.d	03/03/2017 (6) 12:05:41.00	03/03/2017 (6)	1899-12-31T12:05:41Z	16.992	1700318 760-27 - 4.d	5840000	400000	9.27	0.2	28080	160	9283	43	6007	35	58340	320	58120	520	203.4	2.7	71.88	0.64	6909	39	23.74	0.2	130.22999999999999	0.63	83.04	0.62	18.05	0.26	226.5	2.1	2.609	5.8999999999999997E-2	128.07	0.62	1.9910000000000001	8.5999999999999993E-2	2.081	7.1999999999999995E-2	3.9660000000000002	8.8999999999999996E-2	FILENAME: 1700318 760-27 - 4.csv	NA	NA
Output_1_12	1700318 760-27c - 5.d	03/03/2017 (6) 12:07:18.00	03/03/2017 (6)	1899-12-31T12:07:18Z	31.832	1700318 760-27 - 5.d	5370000	240000	8.85	0.15	26840	130	8966	39	5815	18	56240	310	55910	360	206.7	2.6	68.3	0.56000000000000005	6651	30	23.47	0.2	124.25	0.72	80.56	0.53	17.79	0.23	212.4	1.3	2.7010000000000001	3.6999999999999998E-2	170.47	0.96	2.0019999999999998	6.3E-2	2.0379999999999998	4.5999999999999999E-2	3.88	7.0999999999999994E-2	FILENAME: 1700318 760-27 - 5.csv	NA	NA
Output_1_13	1700318 760-27c - 6.d	03/03/2017 (6) 12:08:58.00	03/03/2017 (6)	1899-12-31T12:08:58Z	31.832	1700318 760-27 - 6.d	5350000	240000	8.82	0.12	27000	120	9043	44	5765	21	56470	290	56150	380	199.8	2.4	68.23	0.48	6690	36	23.14	0.17	126.54	0.66	81.260000000000005	0.53	18.07	0.23	217.2	1.3	2.6019999999999999	4.1000000000000002E-2	122.04	0.68	1.901	6.5000000000000002E-2	2.089	0.05	4.0309999999999997	7.4999999999999997E-2	FILENAME: 1700318 760-27 - 6.csv	NA	NA
Output_1_14	1700318 760-16-3r - 1.d	03/03/2017 (6) 12:10:26.94	03/03/2017 (6)	1899-12-31T12:10:27Z	23.989	1700318 760-16-3 - 1.d	5690000	260000	9.15	0.15	27796	82	9228	35	5766	30	57800	190	57550	350	206.9	2.4	70.11	0.66	6788	27	23.09	0.25	130.5	0.68	82.67	0.47	17.79	0.2	223.6	1.3	2.6469999999999998	0.04	129.69999999999999	0.63	1.982	0.08	2.1030000000000002	4.7E-2	3.879	0.06	FILENAME: 1700318 760-16-3 - 1.csv	NA	NA
Output_1_15	1700318 760-16-3r - 2.d	03/03/2017 (6) 12:12:04.00	03/03/2017 (6)	1899-12-31T12:12:04Z	31.833	1700318 760-16-3 - 2.d	5510000	240000	8.92	0.12	27190	110	9073	37	5813	21	56630	250	56290	280	204.6	2.2999999999999998	68.680000000000007	0.54	6710	31	23.46	0.15	127.18	0.73	81.739999999999995	0.33	18.32	0.22	219.2	1.4	2.5619999999999998	3.6999999999999998E-2	122.7	0.62	1.8979999999999999	0.06	2.1110000000000002	5.5E-2	4.0359999999999996	6.3E-2	FILENAME: 1700318 760-16-3 - 2.csv	NA	NA
Output_1_16	1700318 760-16-4r - 1.d	03/03/2017 (6) 12:13:38.00	03/03/2017 (6)	1899-12-31T12:13:38Z	31.833	1700318 760-16-4 - 1.d	5440000	230000	9.02	0.15	27170	110	9142	31	5760	19	57020	240	56770	280	214.9	2	69.09	0.43	6757	29	23.55	0.18	126.97	0.65	82.65	0.43	18.2	0.27	217.8	1.3	2.7959999999999998	0.04	175.03	0.69	2.0670000000000002	7.6999999999999999E-2	2.117	5.2999999999999999E-2	4.1079999999999997	6.7000000000000004E-2	FILENAME: 1700318 760-16-4 - 1.csv	NA	NA
Output_1_17	1700318 760-16-4r - 2.d	03/03/2017 (6) 12:15:14.67	03/03/2017 (6)	1899-12-31T12:15:15Z	15.993	1700318 760-16-4 - 2.d	6550000	240000	9.35	0.17	27970	150	9282	54	5836	27	58510	450	58160	550	219.4	2.4	70.42	0.44	6851	36	23.75	0.21	130.6	1	84.62	0.64	17.63	0.27	225.1	1.2	2.8149999999999999	5.8999999999999997E-2	171.1	1.6	2.1030000000000002	9.6000000000000002E-2	2.2210000000000001	7.0999999999999994E-2	3.968	0.06	FILENAME: 1700318 760-16-4 - 2.csv	NA	NA
Output_1_18	1700318 760-27c - 7.d	03/03/2017 (6) 12:21:42.00	03/03/2017 (6)	1899-12-31T12:21:42Z	31.832	1700318 760-27 - 7.d	5350000	240000	8.8800000000000008	0.16	26910	160	8961	51	5751	19	55970	380	55930	450	223.9	2.2999999999999998	68.87	0.48	6709	33	23.94	0.18	120.82	0.88	78.900000000000006	0.68	17.88	0.19	207.6	1.6	2.903	0.05	226	2.4	2.1389999999999998	7.1999999999999995E-2	1.948	5.3999999999999999E-2	3.8879999999999999	4.9000000000000002E-2	FILENAME: 1700318 760-27 - 7.csv	NA	NA
Output_1_19	1700318 760-27c - 8.d	03/03/2017 (6) 12:23:11.85	03/03/2017 (6)	1899-12-31T12:23:12Z	7.1079	1700318 760-27 - 8.d	7580000	170000	9.5500000000000007	0.34	28360	250	9370	100	5894	53	59340	430	59030	650	214	4.2	71	1.1000000000000001	7007	92	23.97	0.32	132.4	1.3	84.8	1.2	17.489999999999998	0.45	227.5	3.4	2.7109999999999999	4.7E-2	154	1.6	1.8540000000000001	9.9000000000000005E-2	2.137	5.8999999999999997E-2	4.18	0.19	FILENAME: 1700318 760-27 - 8.csv	*	<10 secs
Output_1_20	1700318 760-27c - 9.d	03/03/2017 (6) 12:24:49.00	03/03/2017 (6)	1899-12-31T12:24:49Z	31.832	1700318 760-27 - 9.d	5390000	240000	9.14	0.16	26830	140	8959	51	5770	22	56200	360	55880	350	201.1	2.5	68.28	0.43	6756	35	23.28	0.17	125.19	0.77	80.23	0.54	17.98	0.24	214.5	1.8	2.536	3.5999999999999997E-2	120.9	0.76	1.893	0.06	1.9710000000000001	4.7E-2	3.8879999999999999	6.3E-2	FILENAME: 1700318 760-27 - 9.csv	NA	NA
Output_1_21	1700318 760-16-5r - 1.d	03/03/2017 (6) 12:26:23.00	03/03/2017 (6)	1899-12-31T12:26:23Z	31.833	1700318 760-16-5 - 1.d	5490000	230000	9.07	0.17	27115	87	9021	34	5783	18	56470	270	56320	320	205.1	2	68.73	0.47	6812	25	23.45	0.16	126.5	0.65	81.19	0.49	18.079999999999998	0.19	216.9	1.4	2.5139999999999998	3.5999999999999997E-2	124.2	0.5	1.875	5.8999999999999997E-2	2.0760000000000001	5.5E-2	3.9630000000000001	6.2E-2	FILENAME: 1700318 760-16-5 - 1.csv	NA	NA
Output_1_22	1700318 760-16-5r - 2.d	03/03/2017 (6) 12:28:03.42	03/03/2017 (6)	1899-12-31T12:28:04Z	12.994	1700318 760-16-5 - 2.d	6980000	230000	9.25	0.2	28060	210	9310	78	5805	25	58900	530	58120	500	224.4	4.2	70.510000000000005	0.72	6949	43	23.53	0.25	128.4	1	82.74	0.92	17.350000000000001	0.36	218.8	2.5	2.891	5.6000000000000001E-2	185.1	1.9	1.917	9.1999999999999998E-2	2.0670000000000002	7.4999999999999997E-2	3.8069999999999999	8.3000000000000004E-2	FILENAME: 1700318 760-16-5 - 2.csv	NA	NA
Output_1_23	1700318 760-16-6r - 1.d	03/03/2017 (6) 12:29:33.49	03/03/2017 (6)	1899-12-31T12:29:34Z	21.213	1700318 760-16-6 - 1.d	3470000	180000	9.7200000000000006	0.2	29456	82	9623	36	6143	29	60510	230	59940	400	263	14	75.069999999999993	0.64	7346	45	24.58	0.31	135.27000000000001	0.56999999999999995	87.26	0.55000000000000004	18.75	0.35	235.2	1.9	2.7879999999999998	7.0000000000000007E-2	130.6	0.6	2.15	9.8000000000000004E-2	2.194	7.9000000000000001E-2	4.0789999999999997	0.09	FILENAME: 1700318 760-16-6 - 1.csv	NA	NA
Output_1_24	1700318 760-16-6r - 2.d	03/03/2017 (6) 12:31:08.19	03/03/2017 (6)	1899-12-31T12:31:09Z	16.104	1700318 760-16-6 - 2.d	6700000	230000	9.27	0.2	27920	140	9252	57	5865	28	57810	380	57870	570	210.4	2.6	69.58	0.59	6950	37	23.54	0.21	129.34	0.87	83.22	0.54	17.77	0.25	220.6	1.5	2.5710000000000002	4.2999999999999997E-2	123.39	0.77	1.9670000000000001	7.1999999999999995E-2	2.149	8.4000000000000005E-2	3.9369999999999998	7.0999999999999994E-2	FILENAME: 1700318 760-16-6 - 2.csv	NA	NA
Output_1_25	Nist 610r - 4.d	03/03/2017 (6) 12:32:44.00	03/03/2017 (6)	1899-12-31T12:32:44Z	31.832	Nist 610 - 4.d	5510000	250000	466.7	3	521	3.1	10285	44	472.9	2.2000000000000002	81120	380	81040	500	494.8	4	447.6	2.5	449.7	5.5	424.9	1.5	512.5	2.8	438.5	2.4	439	2.4	444.9	2.2999999999999998	437.1	2.2999999999999998	451.9	2.4	428.2	2.4	416.3	2.4	429	2.6	FILENAME: Nist 610 - 4.csv	NA	NA
Output_1_26	Nist 610r - 5.d	03/03/2017 (6) 12:34:27.00	03/03/2017 (6)	1899-12-31T12:34:27Z	31.833	Nist 610 - 5.d	5490000	240000	470.5	2.4	522.9	2.6	10345	44	473.4	2.2999999999999998	81730	320	81570	420	500.5	4.0999999999999996	447.2	1.9	448.9	5.7	426.2	1.3	515.79999999999995	2.5	441.2	2.2999999999999998	439.4	2.7	447.3	2.5	440	2.1	455.4	2.4	430.2	2.2999999999999998	418.9	2.2000000000000002	430.3	2.9	FILENAME: Nist 610 - 5.csv	NA	NA
Output_1_27	Nist 610r - 6.d	03/03/2017 (6) 12:35:56.00	03/03/2017 (6)	1899-12-31T12:35:56Z	31.833	Nist 610 - 6.d	5430000	240000	469.5	2.9	522.4	2.7	10332	45	475.4	2.4	81740	380	81370	500	500.6	4.3	449	2.5	453.6	5.0999999999999996	424.6	1.5	516.20000000000005	2.4	442	1.8	439.5	2.9	448.4	2.8	441.4	2.1	457.6	2	431.8	2.4	421.1	1.8	429.5	2.5	FILENAME: Nist 610 - 6.csv	NA	NA
Output_1_28	1700318 760-16-7r - 1.d	03/03/2017 (6) 12:37:29.00	03/03/2017 (6)	1899-12-31T12:37:29Z	31.832	1700318 760-16-7 - 1.d	5310000	240000	9.0500000000000007	0.15	27410	130	9113	35	5818	22	57070	220	56570	340	214.8	2.2000000000000002	68.92	0.46	6918	36	23.55	0.18	127.6	0.66	82.16	0.5	18.11	0.22	218.3	1.3	2.665	3.1E-2	145.72	0.65	1.974	7.0000000000000007E-2	2.0019999999999998	5.0999999999999997E-2	3.839	6.6000000000000003E-2	FILENAME: 1700318 760-16-7 - 1.csv	NA	NA
Output_1_29	1700318 760-16-7r - 2.d	03/03/2017 (6) 12:39:08.00	03/03/2017 (6)	1899-12-31T12:39:08Z	31.832	1700318 760-16-7 - 2.d	5610000	240000	9	0.12	27500	110	9043	31	5860	18	56840	220	56190	310	224.9	2.2000000000000002	69.959999999999994	0.48	6903	31	23.76	0.17	125.39	0.61	81.22	0.42	18.11	0.2	216	1.2	2.8460000000000001	3.7999999999999999E-2	190.43	0.85	2.052	7.0999999999999994E-2	1.9990000000000001	4.3999999999999997E-2	3.9580000000000002	0.06	FILENAME: 1700318 760-16-7 - 2.csv	NA	NA
Output_1_30	1700318 760-16-8r - 1.d	03/03/2017 (6) 12:40:44.71	03/03/2017 (6)	1899-12-31T12:40:45Z	3.8871000000000002	1700318 760-16-8 - 1.d	3140000	130000	9.4700000000000006	0.55000000000000004	29780	200	9700	120	6073	60	60690	910	60800	1600	231	13	75.599999999999994	1.4	7448	63	23.99	0.45	136.19999999999999	3.1	89.8	3.2	18.04	0.97	235.4	7.9	2.7	0.16	155.30000000000001	3.7	2	0.24	2.0699999999999998	0.19	3.85	0.31	FILENAME: 1700318 760-16-8 - 1.csv	NA	NA
Output_1_31	1700318 760-16-8r - 2.d	03/03/2017 (6) 12:42:15.42	03/03/2017 (6)	1899-12-31T12:42:16Z	21.657	1700318 760-16-8 - 2.d	6300000	250000	9.32	0.21	27950	180	9231	59	5916	20	58100	490	57450	510	214.7	3	70.98	0.6	7031	46	23.67	0.21	129.6	1	83.18	0.76	18.190000000000001	0.23	221.2	1.8	2.64	3.7999999999999999E-2	125.5	1	2.0430000000000001	6.4000000000000001E-2	2.14	5.0999999999999997E-2	3.956	6.5000000000000002E-2	FILENAME: 1700318 760-16-8 - 2.csv	NA	NA
Output_1_32	1700318 760-16-9r - 1.d	03/03/2017 (6) 12:43:51.05	03/03/2017 (6)	1899-12-31T12:43:52Z	25.544	1700318 760-16-9 - 1.d	5780000	240000	9.1999999999999993	0.11	27630	140	9077	42	5795	21	56950	310	56490	430	219.1	2.6	69.92	0.56999999999999995	6893	37	22.93	0.21	128.32	0.85	81.760000000000005	0.62	17.510000000000002	0.21	218.4	1.6	2.7519999999999998	3.6999999999999998E-2	164.9	1.3	1.931	7.1999999999999995E-2	2.0150000000000001	5.2999999999999999E-2	3.9660000000000002	7.0999999999999994E-2	FILENAME: 1700318 760-16-9 - 1.csv	NA	NA
Output_1_33	1700318 760-16-9r - 2.d	03/03/2017 (6) 12:45:25.00	03/03/2017 (6)	1899-12-31T12:45:25Z	31.832	1700318 760-16-9 - 2.d	5520000	230000	9	0.16	27440	150	9075	45	5819	24	56940	290	56460	340	228.2	2	68.86	0.61	6867	40	23.56	0.21	125.08	0.71	80.69	0.52	17.82	0.25	212.9	1.5	2.9239999999999999	3.6999999999999998E-2	198.2	1.4	2.0489999999999999	7.8E-2	2.016	4.9000000000000002E-2	3.91	7.2999999999999995E-2	FILENAME: 1700318 760-16-9 - 2.csv	NA	NA
Output_1_34	1700318 760-16-10r - 1.d	03/03/2017 (6) 12:47:08.00	03/03/2017 (6)	1899-12-31T12:47:08Z	31.833	1700318 760-16-10 - 1.d	5640000	240000	9.1999999999999993	0.14000000000000001	27470	110	9082	34	5860	24	56740	230	56470	300	214	2	68.92	0.41	6967	34	23.49	0.17	127.67	0.53	81.59	0.42	18.18	0.21	218.5	1.3	2.6259999999999999	3.5999999999999997E-2	134.86000000000001	0.65	1.948	6.4000000000000001E-2	2.024	5.0999999999999997E-2	4.01	7.9000000000000001E-2	FILENAME: 1700318 760-16-10 - 1.csv	NA	NA
Output_1_35	1700318 760-16-10r - 2.d	03/03/2017 (6) 12:48:36.98	03/03/2017 (6)	1899-12-31T12:48:37Z	26.099	1700318 760-16-10 - 2.d	5860000	250000	9.25	0.13	27720	150	9117	45	5890	19	57180	340	56910	420	220.6	2.2999999999999998	70.13	0.54	6962	34	23.69	0.16	126.41	0.77	80.97	0.56000000000000005	17.93	0.2	218	1.6	2.7890000000000001	0.04	175.3	1.1000000000000001	2.0430000000000001	6.8000000000000005E-2	2.0859999999999999	5.1999999999999998E-2	3.9769999999999999	5.8999999999999997E-2	FILENAME: 1700318 760-16-10 - 2.csv	NA	NA
Output_1_36	1606414 077-2c - 1.d	03/03/2017 (6) 12:54:58.00	03/03/2017 (6)	1899-12-31T12:54:58Z	31.832	1606414 077-2 - 1.d	5310000	260000	5.89	9.9000000000000005E-2	25540	140	8049	39	5136	18	62560	290	62270	390	188.6	2.1	62.49	0.41	3283	17	18.73	0.14000000000000001	54.27	0.31	33.46	0.32	19.55	0.24	82.22	0.74	1.7350000000000001	2.5999999999999999E-2	2.387	3.4000000000000002E-2	1.264	0.05	0.85899999999999999	3.2000000000000001E-2	3.4550000000000001	6.2E-2	FILENAME: 1606414 077-2 - 1.csv	NA	NA
Output_1_37	1606414 077-2c - 2.d	03/03/2017 (6) 12:56:34.00	03/03/2017 (6)	1899-12-31T12:56:34Z	31.833	1606414 077-2 - 2.d	5500000	230000	5.69	0.11	25340	130	8040	39	5123	16	62360	310	61990	320	186	2.2999999999999998	62.18	0.47	3202	17	18.760000000000002	0.14000000000000001	54.19	0.25	27.19	0.21	20.14	0.22	81.55	0.77	1.7669999999999999	3.4000000000000002E-2	2.41	3.5999999999999997E-2	1.1719999999999999	4.4999999999999998E-2	0.751	3.1E-2	3.5649999999999999	6.4000000000000001E-2	FILENAME: 1606414 077-2 - 2.csv	NA	NA
Output_1_38	1606414 077-2c - 3.d	03/03/2017 (6) 12:58:08.00	03/03/2017 (6)	1899-12-31T12:58:08Z	31.833	1606414 077-2 - 3.d	5300000	270000	5.94	0.11	25960	110	8113	28	5208	20	63600	230	62750	320	185	2	62.01	0.41	3215	18	19	0.17	54.66	0.28999999999999998	23.64	0.19	19.940000000000001	0.24	82.69	0.65	1.734	0.03	2.4119999999999999	3.5999999999999997E-2	1.2110000000000001	5.2999999999999999E-2	0.67500000000000004	3.4000000000000002E-2	3.3580000000000001	6.0999999999999999E-2	FILENAME: 1606414 077-2 - 3.csv	NA	NA
Output_1_39	1606414 077-1-1r - 1.d	03/03/2017 (6) 12:59:46.92	03/03/2017 (6)	1899-12-31T12:59:47Z	24.433	1606414 077-1-1 - 1.d	5880000	250000	5.89	0.12	25540	100	8056	38	5182	18	62600	330	62100	450	184.5	3	62.95	0.51	3244	18	18.809999999999999	0.17	53.93	0.34	27.12	0.24	19.47	0.24	80.400000000000006	0.76	1.76	0.03	2.4060000000000001	4.8000000000000001E-2	1.177	6.5000000000000002E-2	0.75	3.6999999999999998E-2	3.3330000000000002	6.7000000000000004E-2	FILENAME: 1606414 077-1-1 - 1.csv	NA	NA
Output_1_40	1606414 077-1-1r - 2.d	03/03/2017 (6) 13:01:18.00	03/03/2017 (6)	1899-12-31T13:01:18Z	31.832	1606414 077-1-1 - 2.d	5510000	240000	5.71	0.12	25360	110	8042	35	5150	17	62490	250	62240	350	179.1	2.2000000000000002	61.23	0.41	3190	17	18.95	0.16	54.07	0.32	22.88	0.21	20.190000000000001	0.23	80.8	0.75	1.752	3.3000000000000002E-2	2.371	3.5000000000000003E-2	1.19	5.1999999999999998E-2	0.64400000000000002	2.8000000000000001E-2	3.6419999999999999	5.2999999999999999E-2	FILENAME: 1606414 077-1-1 - 2.csv	NA	NA
Output_1_41	1606414 077-1-2r - 1.d	03/03/2017 (6) 13:02:53.00	03/03/2017 (6)	1899-12-31T13:02:53Z	31.832	1606414 077-1-2 - 1.d	5620000	230000	5.6870000000000003	9.5000000000000001E-2	25760	120	8137	33	5166	23	63040	290	62590	310	180.3	2	61.8	0.5	3206	20	18.89	0.15	54.79	0.3	27.29	0.23	20.079999999999998	0.21	81.63	0.73	1.7490000000000001	3.4000000000000002E-2	2.38	3.4000000000000002E-2	1.206	5.7000000000000002E-2	0.72199999999999998	3.1E-2	3.5219999999999998	5.3999999999999999E-2	FILENAME: 1606414 077-1-2 - 1.csv	NA	NA
Output_1_42	1606414 077-1-2r - 2.d	03/03/2017 (6) 13:04:24.97	03/03/2017 (6)	1899-12-31T13:04:25Z	26.322	1606414 077-1-2 - 2.d	5610000	210000	5.65	0.14000000000000001	25730	110	8128	35	5174	18	63100	250	63000	440	179.2	2.1	61.73	0.55000000000000004	3202	19	18.86	0.16	54.69	0.3	26.78	0.19	20.190000000000001	0.31	82.09	0.79	1.7350000000000001	3.5999999999999997E-2	2.4249999999999998	3.6999999999999998E-2	1.248	5.7000000000000002E-2	0.75900000000000001	3.2000000000000001E-2	3.5550000000000002	6.2E-2	FILENAME: 1606414 077-1-2 - 2.csv	NA	NA
Output_1_43	Nist 610r - 7.d	03/03/2017 (6) 13:06:04.00	03/03/2017 (6)	1899-12-31T13:06:04Z	31.832	Nist 610 - 7.d	5580000	240000	466.9	3.1	523.29999999999995	2.9	10356	43	476	2.2000000000000002	81690	340	81410	480	455.6	3.9	447.4	2.6	448.2	4.7	423.9	1.7	516.70000000000005	3.1	443.5	2.1	439	2.5	446.9	2.2999999999999998	440.9	2.1	456.5	2.1	430.9	2.5	435.4	2.1	431.3	2.1	FILENAME: Nist 610 - 7.csv	NA	NA
Output_1_44	Nist 610r - 8.d	03/03/2017 (6) 13:07:40.00	03/03/2017 (6)	1899-12-31T13:07:40Z	31.832	Nist 610 - 8.d	5630000	240000	466.4	3.1	523.79999999999995	3	10373	49	478.3	2	82080	360	82090	510	453.9	3.7	449	2.4	448.5	4.5	424.5	1.5	518.4	2.7	442.3	2.1	438.3	2.2999999999999998	449.3	2.2999999999999998	440	2.4	454.8	2.4	429.3	2.4	435.1	2.1	429	2.2999999999999998	FILENAME: Nist 610 - 8.csv	NA	NA
Output_1_45	Nist 610r - 9.d	03/03/2017 (6) 13:09:13.00	03/03/2017 (6)	1899-12-31T13:09:13Z	31.832	Nist 610 - 9.d	5680000	240000	463.7	3.1	522.1	3	10326	53	477.7	2.2000000000000002	81820	390	81500	520	454.8	3.3	446.3	2.7	447.5	4.9000000000000004	423.9	1.6	515.1	2.8	441.9	2.2000000000000002	437.8	2.4	443.8	2.2999999999999998	441.2	2.2000000000000002	454.8	2.4	427.7	2.5	433.4	2.1	429.3	2.2999999999999998	FILENAME: Nist 610 - 9.csv	NA	NA
Output_1_46	1606414 077-2c - 4.d	03/03/2017 (6) 13:10:47.00	03/03/2017 (6)	1899-12-31T13:10:47Z	31.832	1606414 077-2 - 4.d	5630000	220000	5.71	0.13	25420	110	8067	39	5113	16	62620	290	62650	330	175.8	2.2000000000000002	60.97	0.38	3125	20	18.559999999999999	0.14000000000000001	54.48	0.26	26.09	0.19	19.690000000000001	0.27	81.33	0.72	1.7430000000000001	0.03	2.3650000000000002	3.9E-2	1.2050000000000001	5.3999999999999999E-2	0.69599999999999995	0.03	3.3149999999999999	6.5000000000000002E-2	FILENAME: 1606414 077-2 - 4.csv	NA	NA
Output_1_47	1606414 077-2c - 5.d	03/03/2017 (6) 13:12:30.00	03/03/2017 (6)	1899-12-31T13:12:30Z	31.832	1606414 077-2 - 5.d	5450000	250000	5.8760000000000003	9.9000000000000005E-2	25918	88	8161	28	5172	17	63410	260	62800	260	181	2.1	62.08	0.42	3161	18	18.920000000000002	0.17	54.84	0.34	26.07	0.2	19.940000000000001	0.22	82.21	0.73	1.78	3.3000000000000002E-2	2.3919999999999999	3.3000000000000002E-2	1.1419999999999999	4.8000000000000001E-2	0.69699999999999995	2.5999999999999999E-2	3.36	5.8999999999999997E-2	FILENAME: 1606414 077-2 - 5.csv	NA	NA
Output_1_48	1606414 077-2c - 6.d	03/03/2017 (6) 13:14:00.00	03/03/2017 (6)	1899-12-31T13:14:00Z	31.833	1606414 077-2 - 6.d	5760000	250000	5.72	0.1	25677	98	8117	32	5144	22	62900	270	62720	290	179.1	2.1	62.11	0.48	3184	17	18.87	0.17	54.51	0.31	27.01	0.19	20.2	0.24	81.88	0.57999999999999996	1.762	3.1E-2	2.44	3.9E-2	1.238	5.6000000000000001E-2	0.71299999999999997	3.3000000000000002E-2	3.665	6.0999999999999999E-2	FILENAME: 1606414 077-2 - 6.csv	NA	NA
Output_1_49	1606414 077-1-3r - 1.d	03/03/2017 (6) 13:15:35.00	03/03/2017 (6)	1899-12-31T13:15:35Z	24.656	1606414 077-1-3 - 1.d	5940000	250000	5.87	0.12	25850	120	8093	43	5158	19	62700	300	62290	460	177.5	1.9	63.49	0.55000000000000004	3296	17	18.91	0.17	54.25	0.33	28.21	0.28999999999999998	18.93	0.25	82.04	0.67	1.736	3.2000000000000001E-2	2.4039999999999999	4.1000000000000002E-2	1.2250000000000001	6.3E-2	0.77100000000000002	3.3000000000000002E-2	3.5409999999999999	7.0000000000000007E-2	FILENAME: 1606414 077-1-3 - 1.csv	NA	NA
Output_1_50	1606414 077-1-3r - 2.d	03/03/2017 (6) 13:17:18.00	03/03/2017 (6)	1899-12-31T13:17:18Z	31.832	1606414 077-1-3 - 2.d	6310000	200000	6.04	0.11	25957	79	8136	25	5195	20	63400	240	62950	260	180.3	1.9	62.53	0.35	3168	16	19.03	0.13	54.87	0.26	26.09	0.21	20.18	0.21	82.81	0.65	1.7509999999999999	2.5999999999999999E-2	2.411	2.5999999999999999E-2	1.2430000000000001	4.3999999999999997E-2	0.74399999999999999	3.2000000000000001E-2	3.6379999999999999	5.0999999999999997E-2	FILENAME: 1606414 077-1-3 - 2.csv	NA	NA
Output_1_51	1606414 077-1-4r - 1.d	03/03/2017 (6) 13:18:55.00	03/03/2017 (6)	1899-12-31T13:18:55Z	31.833	1606414 077-1-4 - 1.d	6030000	260000	5.9930000000000003	0.09	26090	110	8156	33	5180	18	63540	280	63100	330	182.2	1.8	62.87	0.46	3182	16	19	0.13	55.01	0.3	26.97	0.21	19.91	0.24	83.19	0.7	1.7430000000000001	3.2000000000000001E-2	2.4420000000000002	0.04	1.27	5.7000000000000002E-2	0.71199999999999997	3.2000000000000001E-2	3.4729999999999999	6.5000000000000002E-2	FILENAME: 1606414 077-1-4 - 1.csv	NA	NA
Output_1_52	1606414 077-1-4r - 2.d	03/03/2017 (6) 13:20:25.00	03/03/2017 (6)	1899-12-31T13:20:25Z	31.831	1606414 077-1-4 - 2.d	5890000	260000	5.9	0.1	25720	110	8102	31	5145	18	62980	240	62670	370	186.3	1.8	62.4	0.42	3148	16	18.96	0.14000000000000001	54.47	0.3	26.52	0.21	20.25	0.22	81.58	0.73	1.748	0.03	2.4169999999999998	0.04	1.2250000000000001	5.0999999999999997E-2	0.71699999999999997	3.1E-2	3.5619999999999998	5.1999999999999998E-2	FILENAME: 1606414 077-1-4 - 2.csv	NA	NA
Output_1_53	1606414 077-1-5r - 1.d	03/03/2017 (6) 13:21:59.00	03/03/2017 (6)	1899-12-31T13:21:59Z	31.833	1606414 077-1-5 - 1.d	5800000	260000	5.827	8.7999999999999995E-2	25828	94	8119	27	5156	19	63000	230	62590	300	185.5	2	62.45	0.41	3186	18	19.03	0.11	54.58	0.3	25.63	0.19	20.260000000000002	0.25	82.54	0.66	1.7629999999999999	2.5000000000000001E-2	2.3889999999999998	3.7999999999999999E-2	1.2410000000000001	0.05	0.69399999999999995	2.8000000000000001E-2	3.6110000000000002	5.1999999999999998E-2	FILENAME: 1606414 077-1-5 - 1.csv	NA	NA
Output_1_54	1606414 077-1-5r - 2.d	03/03/2017 (6) 13:23:28.72	03/03/2017 (6)	1899-12-31T13:23:29Z	2.3323	1606414 077-1-5 - 2.d	2190000	150000	5.93	0.78	28710	710	8910	160	5746	71	71500	1600	70500	2100	207	21	68	3.3	3420	140	21	1.4	63.1	3.9	44.2	8.1999999999999993	19.86	0.73	90.9	3.9	1.89	0.21	2.72	0.24	1.27	0.17	0.88	0.32	3.77	0.18	FILENAME: 1606414 077-1-5 - 2.csv	*	<10 secs
Output_1_55	1606414 077-2c - 7.d	03/03/2017 (6) 13:29:54.00	03/03/2017 (6)	1899-12-31T13:29:54Z	31.833	1606414 077-2 - 7.d	5710000	270000	5.87	0.11	25750	130	8128	37	5096	17	62820	260	62740	320	204.2	2.2999999999999998	61.91	0.42	3131	21	18.88	0.12	54.26	0.28999999999999998	26.31	0.23	19.93	0.23	81.489999999999995	0.67	1.726	0.03	2.391	3.9E-2	1.2110000000000001	0.05	0.71	3.1E-2	3.5089999999999999	5.8000000000000003E-2	FILENAME: 1606414 077-2 - 7.csv	NA	NA
Output_1_56	1606414 077-2c - 8.d	03/03/2017 (6) 13:31:36.00	03/03/2017 (6)	1899-12-31T13:31:36Z	31.833	1606414 077-2 - 8.d	5700000	240000	5.78	0.12	25720	100	8128	31	5077	18	62860	240	62600	300	212.7	2.4	62.47	0.41	3227	17	18.989999999999998	0.17	54.81	0.28999999999999998	24.84	0.31	20.22	0.21	81.55	0.66	1.756	2.7E-2	2.41	3.6999999999999998E-2	1.2549999999999999	5.0999999999999997E-2	0.67200000000000004	3.1E-2	3.59	6.6000000000000003E-2	FILENAME: 1606414 077-2 - 8.csv	NA	NA
Output_1_57	1606414 077-2c - 9.d	03/03/2017 (6) 13:33:05.00	03/03/2017 (6)	1899-12-31T13:33:05Z	31.833	1606414 077-2 - 9.d	5750000	240000	5.8079999999999998	9.6000000000000002E-2	25349	94	8016	29	5053	15	62070	260	61710	340	210.4	2.4	62.03	0.34	3165	16	18.7	0.15	53.62	0.34	33.51	0.21	19.760000000000002	0.23	80.42	0.59	1.67	2.8000000000000001E-2	2.3420000000000001	3.5000000000000003E-2	1.1919999999999999	5.6000000000000001E-2	0.86199999999999999	2.9000000000000001E-2	3.464	5.6000000000000001E-2	FILENAME: 1606414 077-2 - 9.csv	NA	NA
Output_1_58	1606414 077-1-6r - 1.d	03/03/2017 (6) 13:34:39.00	03/03/2017 (6)	1899-12-31T13:34:39Z	31.832	1606414 077-1-6 - 1.d	6200000	190000	6.07	0.1	26112	86	8141	26	5105	21	63710	220	63210	280	214.6	2.2000000000000002	63.17	0.41	3213	16	19.23	0.14000000000000001	55.04	0.25	32.72	0.22	19.510000000000002	0.17	83.18	0.62	1.7729999999999999	2.9000000000000001E-2	2.4580000000000002	3.1E-2	1.1970000000000001	5.5E-2	0.84699999999999998	3.3000000000000002E-2	3.58	5.5E-2	FILENAME: 1606414 077-1-6 - 1.csv	NA	NA
Output_1_59	1606414 077-1-6r - 2.d	03/03/2017 (6) 13:36:17.10	03/03/2017 (6)	1899-12-31T13:36:18Z	21.657	1606414 077-1-6 - 2.d	1920000	180000	6.36	0.22	27580	100	8538	34	5403	21	65940	330	65710	550	301	11	67.05	0.71	3359	29	20.170000000000002	0.28999999999999998	56.68	0.46	28.44	0.4	21.25	0.35	86.6	1.1000000000000001	1.825	0.06	2.6110000000000002	7.6999999999999999E-2	1.3	0.12	0.76300000000000001	6.5000000000000002E-2	7	1.5	FILENAME: 1606414 077-1-6 - 2.csv	NA	NA
Output_1_60	1606414 077-1-7r - 1.d	03/03/2017 (6) 13:37:55.00	03/03/2017 (6)	1899-12-31T13:37:55Z	31.832	1606414 077-1-7 - 1.d	6190000	260000	5.9939999999999998	9.7000000000000003E-2	25836	93	8138	28	5104	19	62820	250	62650	290	214.6	2.2000000000000002	61.98	0.5	3150	15	19.02	0.14000000000000001	54.49	0.28000000000000003	27.3	0.19	20.36	0.2	81.790000000000006	0.64	1.7749999999999999	2.9000000000000001E-2	2.4340000000000002	3.5000000000000003E-2	1.248	0.05	0.75800000000000001	2.5999999999999999E-2	3.5489999999999999	4.7E-2	FILENAME: 1606414 077-1-7 - 1.csv	NA	NA
Output_1_61	1606414 077-1-7r - 2.d	03/03/2017 (6) 13:39:25.00	03/03/2017 (6)	1899-12-31T13:39:25Z	31.833	1606414 077-1-7 - 2.d	5680000	250000	5.84	0.11	25732	91	8143	30	5061	16	63010	240	62450	310	213.5	2.8	62.1	0.43	3212	15	18.920000000000002	0.15	55.03	0.3	24.47	0.25	20.46	0.2	82.28	0.64	1.7889999999999999	3.3000000000000002E-2	2.41	3.5999999999999997E-2	1.3	5.8999999999999997E-2	0.68600000000000005	2.7E-2	3.552	6.7000000000000004E-2	FILENAME: 1606414 077-1-7 - 2.csv	NA	NA
Output_1_62	Nist 610r - 10.d	03/03/2017 (6) 13:40:59.00	03/03/2017 (6)	1899-12-31T13:40:59Z	31.832	Nist 610 - 10.d	5790000	270000	470.7	2.6	521	2.6	10365	47	464.1	2	81500	370	81280	540	543.29999999999995	4.3	448.3	2.6	446.3	5	425.5	1.4	516.20000000000005	2.9	439.6	2.2000000000000002	438.8	2.2999999999999998	445.2	2.5	440.5	2.6	456.7	2.7	429.5	2.1	429.9	2.5	429.2	2.5	FILENAME: Nist 610 - 10.csv	NA	NA
Output_1_63	Nist 610r - 11.d	03/03/2017 (6) 13:42:38.00	03/03/2017 (6)	1899-12-31T13:42:38Z	31.833	Nist 610 - 11.d	5770000	260000	469.3	2.7	521.4	2.9	10367	47	466.4	2.1	81740	330	81610	490	541.1	5.0999999999999996	446.2	2.2999999999999998	444	5.4	423.5	1.7	517.20000000000005	3.2	439.4	2.2999999999999998	436.4	2.5	443	2.4	441.3	2.2999999999999998	457.2	2.6	427.5	2.4	432.5	2.5	426.8	2.6	FILENAME: Nist 610 - 11.csv	NA	NA
Output_1_64	Nist 610r - 12.d	03/03/2017 (6) 13:44:17.00	03/03/2017 (6)	1899-12-31T13:44:17Z	31.832	Nist 610 - 12.d	5830000	270000	471.1	3.1	524	3.2	10394	49	467.3	2	81580	390	82090	450	533.70000000000005	4.5	450.6	2.5	450.8	4.7	425.3	1.6	519.20000000000005	3.3	440.3	2.2000000000000002	437.4	2.2000000000000002	446.5	3.1	442	2.6	459.4	2.5	432.3	2.5	433.1	2.9	428.5	2.2999999999999998	FILENAME: Nist 610 - 12.csv	NA	NA
Output_1_65	1606414 077-1-8r - 1.d	03/03/2017 (6) 13:45:43.98	03/03/2017 (6)	1899-12-31T13:45:44Z	17.77	1606414 077-1-8 - 1.d	7080000	240000	5.9	0.14000000000000001	25880	120	8174	44	5130	21	63180	340	62980	370	210.9	3.1	62.69	0.63	3265	22	19.05	0.14000000000000001	54.72	0.34	25.69	0.25	19.350000000000001	0.25	82.29	0.79	1.7450000000000001	0.03	2.4630000000000001	3.9E-2	1.2909999999999999	7.1999999999999995E-2	0.71499999999999997	2.5000000000000001E-2	3.4660000000000002	0.06	FILENAME: 1606414 077-1-8 - 1.csv	NA	NA
Output_1_66	1606414 077-1-8r - 2.d	03/03/2017 (6) 13:47:30.99	03/03/2017 (6)	1899-12-31T13:47:31Z	28.987	1606414 077-1-8 - 2.d	6580000	270000	5.9409999999999998	9.7000000000000003E-2	25884	89	8145	29	5148	16	63070	260	62870	290	202.7	2.2000000000000002	62.63	0.33	3289	18	19.010000000000002	0.14000000000000001	54.72	0.27	23.85	0.21	20.18	0.22	82.11	0.69	1.7350000000000001	2.5000000000000001E-2	2.4169999999999998	2.8000000000000001E-2	1.2689999999999999	5.3999999999999999E-2	0.64900000000000002	3.3000000000000002E-2	3.5089999999999999	6.8000000000000005E-2	FILENAME: 1606414 077-1-8 - 2.csv	NA	NA
Output_1_67	1606414 077-1-9r - 1.d	03/03/2017 (6) 13:49:04.00	03/03/2017 (6)	1899-12-31T13:49:04Z	31.833	1606414 077-1-9 - 1.d	5940000	240000	5.8529999999999998	9.2999999999999999E-2	25600	110	8083	32	5083	17	62450	280	62460	310	201.8	2.4	62.56	0.43	3241	18	18.899999999999999	0.15	53.99	0.31	25.85	0.22	19.63	0.2	80.67	0.67	1.744	2.5000000000000001E-2	2.4420000000000002	3.1E-2	1.25	4.9000000000000002E-2	0.71299999999999997	2.9000000000000001E-2	3.637	5.5E-2	FILENAME: 1606414 077-1-9 - 1.csv	NA	NA
Output_1_68	1606414 077-1-9r - 2.d	03/03/2017 (6) 13:50:43.00	03/03/2017 (6)	1899-12-31T13:50:43Z	31.832	1606414 077-1-9 - 2.d	6170000	230000	6.02	0.12	26062	78	8170	27	5136	18	63550	240	63190	310	199.7	2.2999999999999998	62.75	0.44	3260	16	18.86	0.15	54.85	0.28000000000000003	25.16	0.2	19.73	0.25	82.42	0.63	1.7829999999999999	3.1E-2	2.444	3.5000000000000003E-2	1.2969999999999999	0.05	0.69799999999999995	2.8000000000000001E-2	3.5529999999999999	4.5999999999999999E-2	FILENAME: 1606414 077-1-9 - 2.csv	NA	NA
Output_1_69	1606414 077-1-10r - 1.d	03/03/2017 (6) 13:52:12.00	03/03/2017 (6)	1899-12-31T13:52:12Z	31.831	1606414 077-1-10 - 1.d	5790000	240000	5.86	0.1	25570	110	8066	33	5101	19	62480	270	62280	360	194.6	2.1	61.16	0.37	3178	17	18.670000000000002	0.15	54.05	0.3	24.68	0.2	20.29	0.25	80.75	0.65	1.7290000000000001	0.03	2.4140000000000001	3.5000000000000003E-2	1.274	4.8000000000000001E-2	0.68899999999999995	2.7E-2	3.6419999999999999	5.8999999999999997E-2	FILENAME: 1606414 077-1-10 - 1.csv	NA	NA
Output_1_70	1606414 077-1-10r - 2.d	03/03/2017 (6) 13:53:41.92	03/03/2017 (6)	1899-12-31T13:53:42Z	2.6655	1606414 077-1-10 - 2.d	5790000	320000	6.26	0.36	27580	430	8620	120	5340	120	67900	1200	67700	1500	202	12	66.400000000000006	1	3500	110	19.489999999999998	0.41	59.3	1.8	28.8	1.6	18.600000000000001	1.2	86	2.5	1.85	0.15	2.5299999999999998	0.23	1.38	0.21	0.79700000000000004	8.7999999999999995E-2	4.29	0.24	FILENAME: 1606414 077-1-10 - 2.csv	*	<10 secs
